Inventário de displays na empresa (localmente)
posto 100
83209340441050000104010990000101001
83209340441050000104010990000100319
83209340441050000104010990000101003
83209340441050000104010990000100195
83209340441050000104010990000101002
83209340441050000104010990000100191
83209340441050000104010990000100320
83209340441050000104010990000100192
83209340441050000104010990000100193

posto 105
83260000441050000104133340000100562
83260000441050000104133340000100560
83260000441050000104133340000100558
83260000441050000104133340000100559
83260000441050000104133340000100561

posto 150
83900000441050000104011200000100175
83900000441050000104011200000100176
83900000441050000104011200000100174
83900000441050000104011200000100177
83900000441050000104011200000100331
83900000441050000104011200000100178
83900000441050000104011200000100332

posto 200
84600115441050000104011020000100142
84600115441050000104011020000100138
84600115441050000104011020000100141
84600115441050000104011020000100986
84600115441050000104011020000100137
84600115441050000104011020000100140
84600115441050000104011020000100139
84600115441050000104011020000100345

posto 250
85505005441050000104638730000101218
85505005441050000104638730000101220
85505005441050000104638730000101217
85505005441050000104638730000101221
85505005441050000104638730000101219

posto 300
85851110441050000104011080000100983
85851110441050000104011080000100765
85851110441050000104011080000100769
85851110441050000104011080000100767
85851110441050000104011080000100768
85851110441050000104011080000100976
85851110441050000104011080000100984
85851110441050000104011080000100764
85851110441050000104011080000100978
85851110441050000104011080000100974
85851110441050000104011080000100982
85851110441050000104011080000100975
85851110441050000104011080000100980
85851110441050000104011080000100766
85851110441050000104011080000100770
85851110441050000104011080000100763

posto 350
87503470441050000104011180000100208
87503470441050000104011180000100204
87503470441050000104011180000100207
87503470441050000104011180000100355
87503470441050000104011180000100206
87503470441050000104011180000100205
87503470441050000104011180000101039
87503470441050000104011180000100203
87503470441050000104011180000101042
87503470441050000104011180000101041

posto 400
87708000441050000104011190000101046
87708000441050000104011190000100164
87708000441050000104011190000100162
87708000441050000104011190000100165
87708000441050000104011190000100337
87708000441050000104011190000100166
87708000441050000104011190000101044
87708000441050000104011190000101043
87708000441050000104011190000101045
87708000441050000104011190000100161
87708000441050000104011190000100338


posto 450
87080013441050000104011150000101310
87080013441050000104011150000101303
87080013441050000104011150000101304
87080013441050000104011150000101300
87080013441050000104011150000101299
87080013441050000104011150000101298
87080013441050000104011150000101297
87080013441050000104011150000101307
87080013441050000104011150000101301
87080013441050000104011150000101306
87080013441050000104011150000101308
87080013441050000104011150000101302
87080013441050000104011150000101305


posto 490
87051030441050000104648810000101243
87051030441050000104648810000101242
87051030441050000104648810000101292
87051030441050000104648810000101245
87051030441050000104648810000101296
87051030441050000104648810000101294
87051030441050000104648810000101295
87051030441050000104648810000101293
87051030441050000104648810000101246
87051030441050000104648810000101244

posto 500
86070370441050000104011100000100777
86070370441050000104011100000100992
86070370441050000104011100000100991
86070370441050000104011100000100994
86070370441050000104011100000100784
86070370441050000104011100000100783
86070370441050000104011100000100778
86070370441050000104011100000100781
86070370441050000104011100000100780
86070370441050000104011100000100990
86070370441050000104011100000100782
86070370441050000104011100000100989

posto 501
86700035441050000104011130000100366
86700035441050000104011130000100152
86700035441050000104011130000100150
86700035441050000104011130000100365
86700035441050000104011130000100151
86700035441050000104011130000100153

posto 507
86160000441050000104622660000800004
86160000441050000104622660000800003
86160000441050000104622660000800001

posto 550
86300000441050000104011110000100181
86300000441050000104011110000100184
86300000441050000104011110000101087
86300000441050000104011110000100179
86300000441050000104011110000100180
86300000441050000104011110000100333
86300000441050000104011110000100183
86300000441050000104011110000100182
86300000441050000104011110000101086
86300000441050000104011110000101085
86300000441050000104011110000100334

posto 600
86400000441050000104011120000101058
86400000441050000104011120000100536
86400000441050000104011120000101057
86400000441050000104011120000101051
86400000441050000104011120000100523
86400000441050000104011120000101060
86400000441050000104011120000101054
86400000441050000104011120000100519
86400000441050000104011120000100531
86400000441050000104011120000100524
86400000441050000104011120000101059
86400000441050000104011120000100535
86400000441050000104011120000100525
86400000441050000104011120000100532
86400000441050000104011120000100538
86400000441050000104011120000100520
86400000441050000104011120000100526
86400000441050000104011120000100521
86400000441050000104011120000100533
86400000441050000104011120000101055
86400000441050000104011120000100537
86400000441050000104011120000101053
86400000441050000104011120000101052
86400000441050000104011120000101056
86400000441050000104011120000100522
84010200441050000104011000000100199
86400000441050000104011120000100534

posto 650
84010200441050000104011000000100367
84010200441050000104011000000100200
84010200441050000104011000000100198
84010200441050000104011000000100997
84010200441050000104011000000100999
84010200441050000104011000000100197

posto 700
85015280441050000104011030000100097
85015280441050000104011030000101005
85015280441050000104011030000100095
85015280441050000104011030000100096
85015280441050000104011030000101007
85015280441050000104011030000100321
85015280441050000104011030000100098
85015280441050000104011030000101006
85015280441050000104011030000101008
85015280441050000104011030000100100

posto 701
85301070441050000104011040000100219
85301070441050000104011040000100348
85301070441050000104011040000100988
85301070441050000104011040000100217
85301070441050000104011040000100218

posto 710
85250000441050000104647110000800002

posto 750
85812260441050000104011070000100548
85812260441050000104011070000100549
85812260441050000104011070000100966
85812260441050000104011070000100969
85812260441050000104011070000100967
85812260441050000104011070000100550
85812260441050000104011070000100546
85812260441050000104011070000100970
85812260441050000104011070000100545
85812260441050000104011070000100543
85812260441050000104011070000100547
85812260441050000104011070000100544
85812260441050000104011070000100972

posto 755
85912140441050000104011090000100146
85912140441050000104011090000100961
85912140441050000104011090000100144
85912140441050000104011090000100963
85912140441050000104011090000100147
85912140441050000104011090000100379
85912140441050000104011090000100380
85912140441050000104011090000100143
85912140441050000104011090000100962
85912140441050000104011090000100145

posto 758
85935001441050000104650170000800003
85935001441050000104650170000800002
85935001441050000104650170000800001

posto 779
85955200441050000104626280000800002
85955200441050000104626280000800003
85955200441050000104626280000800004

posto 800
87302080441050000104011170000100185
87302080441050000104011170000100187
87302080441050000104011170000101049
87302080441050000104011170000100357
87302080441050000104011170000100190
87302080441050000104011170000101047
87302080441050000104011170000100188

posto 808
85440000441050000104629560000800004

posto 809
87209030441050000104657980000101331
87209030441050000104657980000101323
87209030441050000104657980000101322
87209030441050000104657980000101321
87209030441050000104657980000101324
87209030441050000104657980000101320
87209030441050000104657980000101326
87209030441050000104657980000101325
87209030441050000104657980000101317
87209030441050000104657980000101328
87209030441050000104657980000101318
87209030441050000104657980000101332
87209030441050000104657980000101329
87209030441050000104657980000101330

posto 850
86800280441050000104011140000100127
86800280441050000104011140000100130
86800280441050000104011140000100126
86800280441050000104011140000100128
86800280441050000104011140000100371
86800280441050000104011140000100372
86800280441050000104011140000100129

posto 900
84261680441050000104011010000100089
84261680441050000104011010000100092
84261680441050000104011010000101013
84261680441050000104011010000100329
84261680441050000104011010000100091
84261680441050000104011010000101014
84261680441050000104011010000100330
84261680441050000104011010000100090
84261680441050000104011010000100094

posto 950
85602510441050000104011060000100110
85602510441050000104011060000101009
85602510441050000104011060000100111
85602510441050000104011060000101012
85602510441050000104011060000100108
85602510441050000104011060000100109
85602510441050000104011060000100107
85602510441050000104011060000100376
85602510441050000104011060000100112
85602510441050000104011060000100375

